11223525467,11223554840
11250234895,11250264361
11281413528,11281443096
11315963662,11315993354
11348266205,11348295943
11386994185,11387024050
11416141764,11416171686
11450040610,11450070627
10984467562,10984496282
11018559504,11018588331
11056998328,11057027257
11078985092,11079014066
11119212863,11119241955
11147212027,11147241197
11183718576,11183747845
10720782979,10720811055
10751332922,10751361071
10787480037,10787508269
10818354608,10818382891
10851227492,10851255861
10886630151,10886658631
10915820269,10915848807
10951442606,10951471229
10485814789,10485842280
10518856569,10518884143
10558470375,10558498044
10585849458,10585877207
10613669368,10613697165
10651832184,10651860095
10683653884,10683681886
10227360191,10227386969
10248573300,10248600112
10288335623,10288362544
10318996631,10319023658
10352864288,10352891401
10386429860,10386457061
10419005735,10419033031
10447747727,10447775115
10020436957,10020463147
10048020369,10048046641
10085599049,10085625425
10120860403,10120886882
10153923232,10153949796
10189092403,10189119075
9721256033,9721281437
9755508760,9755534255
9788750273,9788775856
9816765302,9816790962
9855050032,9855075797
9888545519,9888571367
9919458983,9919484911